-114 1
-113 1
-111 1
-107 1
-106 1
-105 2
-104 3
-103 2
-102 1
-101 1
-99 1
-97 2
-96 5
-95 1
-94 6
-93 2
-92 6
-90 3
-89 2
-88 2
-87 4
-86 3
-85 6
-84 2
-83 3
-82 5
-81 7
-80 4
-79 7
-78 7
-77 5
-76 7
-75 5
-74 5
-73 8
-72 7
-71 14
-70 13
-69 8
-68 10
-67 3
-66 7
-65 14
-64 13
-63 12
-62 10
-61 9
-60 14
-59 18
-58 13
-57 19
-56 25
-55 26
-54 27
-53 38
-52 37
-51 57
-50 60
-49 70
-48 60
-47 83
-46 105
-45 111
-44 133
-43 139
-42 146
-41 175
-40 199
-39 210
-38 230
-37 227
-36 228
-35 321
-34 297
-33 355
-32 378
-31 433
-30 402
-29 446
-28 477
-27 557
-26 585
-25 666
-24 648
-23 748
-22 887
-21 980
-20 1064
-19 1230
-18 1423
-17 1587
-16 1747
-15 2033
-14 2432
-13 2867
-12 3303
-11 3741
-10 4591
-9 5875
-8 7646
-7 10604
-6 16951
-5 28411
-4 57466
-3 104995
-2 221648
-1 350087
0 1477797
1 345125
2 214089
3 101256
4 55335
5 28470
6 17623
7 11742
8 8682
9 6783
10 5108
11 4120
12 3446
13 2928
14 2582
15 2157
16 1785
17 1560
18 1336
19 1247
20 1046
21 976
22 893
23 794
24 692
25 614
26 638
27 573
28 530
29 475
30 468
31 366
32 387
33 383
34 357
35 308
36 248
37 241
38 239
39 215
40 220
41 198
42 142
43 162
44 102
45 102
46 92
47 69
48 62
49 40
50 53
51 47
52 31
53 34
54 31
55 23
56 19
57 18
58 10
59 14
60 10
61 4
62 4
63 4
64 7
65 6
66 2
67 2
68 4
69 2
72 5
73 2
74 4
75 1
76 4
77 1
78 1
83 1
84 2
86 1
87 1
88 2
91 1
93 1
-114 1
-113 1
-111 1
-107 1
-106 1
-105 2
-104 3
-103 2
-102 1
-101 1
-99 1
-97 2
-96 5
-95 1
-94 6
-93 2
-92 6
-90 3
-89 2
-88 2
-87 4
-86 3
-85 6
-84 2
-83 3
-82 5
-81 7
-80 4
-79 7
-78 7
-77 5
-76 7
-75 5
-74 5
-73 8
-72 7
-71 14
-70 13
-69 8
-68 10
-67 3
-66 7
-65 14
-64 13
-63 12
-62 10
-61 9
-60 14
-59 18
-58 13
-57 19
-56 25
-55 26
-54 27
-53 38
-52 37
-51 57
-50 60
-49 70
-48 60
-47 83
-46 105
-45 111
-44 133
-43 139
-42 146
-41 175
-40 199
-39 210
-38 230
-37 227
-36 228
-35 321
-34 297
-33 355
-32 378
-31 433
-30 402
-29 446
-28 477
-27 557
-26 585
-25 666
-24 648
-23 748
-22 887
-21 980
-20 1064
-19 1230
-18 1423
-17 1587
-16 1747
-15 2033
-14 2432
-13 2867
-12 3303
-11 3741
-10 4591
-9 5875
-8 7646
-7 10604
-6 16951
-5 28411
-4 57466
-3 104995
-2 221648
-1 350087
0 1477797
1 345125
2 214089
3 101256
4 55335
5 28470
6 17623
7 11742
8 8682
9 6783
10 5108
11 4120
12 3446
13 2928
14 2582
15 2157
16 1785
17 1560
18 1336
19 1247
20 1046
21 976
22 893
23 794
24 692
25 614
26 638
27 573
28 530
29 475
30 468
31 366
32 387
33 383
34 357
35 308
36 248
37 241
38 239
39 215
40 220
41 198
42 142
43 162
44 102
45 102
46 92
47 69
48 62
49 40
50 53
51 47
52 31
53 34
54 31
55 23
56 19
57 18
58 10
59 14
60 10
61 4
62 4
63 4
64 7
65 6
66 2
67 2
68 4
69 2
72 5
73 2
74 4
75 1
76 4
77 1
78 1
83 1
84 2
86 1
87 1
88 2
91 1
93 1
-114 1
-113 1
-111 1
-107 1
-106 1
-105 2
-104 3
-103 2
-102 1
-101 1
-99 1
-97 2
-96 5
-95 1
-94 6
-93 2
-92 6
-90 3
-89 2
-88 2
-87 4
-86 3
-85 6
-84 2
-83 3
-82 5
-81 7
-80 4
-79 7
-78 7
-77 5
-76 7
-75 5
-74 5
-73 8
-72 7
-71 14
-70 13
-69 8
-68 10
-67 3
-66 7
-65 14
-64 13
-63 12
-62 10
-61 9
-60 14
-59 18
-58 13
-57 19
-56 25
-55 26
-54 27
-53 38
-52 37
-51 57
-50 60
-49 70
-48 60
-47 83
-46 105
-45 111
-44 133
-43 139
-42 146
-41 175
-40 199
-39 210
-38 230
-37 227
-36 228
-35 321
-34 297
-33 355
-32 378
-31 433
-30 402
-29 446
-28 477
-27 557
-26 585
-25 666
-24 648
-23 748
-22 887
-21 980
-20 1064
-19 1230
-18 1423
-17 1587
-16 1747
-15 2033
-14 2432
-13 2867
-12 3303
-11 3741
-10 4591
-9 5875
-8 7646
-7 10604
-6 16951
-5 28411
-4 57466
-3 104995
-2 221648
-1 350087
0 1477797
1 345125
2 214089
3 101256
4 55335
5 28470
6 17623
7 11742
8 8682
9 6783
10 5108
11 4120
12 3446
13 2928
14 2582
15 2157
16 1785
17 1560
18 1336
19 1247
20 1046
21 976
22 893
23 794
24 692
25 614
26 638
27 573
28 530
29 475
30 468
31 366
32 387
33 383
34 357
35 308
36 248
37 241
38 239
39 215
40 220
41 198
42 142
43 162
44 102
45 102
46 92
47 69
48 62
49 40
50 53
51 47
52 31
53 34
54 31
55 23
56 19
57 18
58 10
59 14
60 10
61 4
62 4
63 4
64 7
65 6
66 2
67 2
68 4
69 2
72 5
73 2
74 4
75 1
76 4
77 1
78 1
83 1
84 2
86 1
87 1
88 2
91 1
93 1
-114 1
-113 1
-111 1
-107 1
-106 1
-105 2
-104 3
-103 2
-102 1
-101 1
-99 1
-97 2
-96 5
-95 1
-94 6
-93 2
-92 6
-90 3
-89 2
-88 2
-87 4
-86 3
-85 6
-84 2
-83 3
-82 5
-81 7
-80 4
-79 7
-78 7
-77 5
-76 7
-75 5
-74 5
-73 8
-72 7
-71 14
-70 13
-69 8
-68 10
-67 3
-66 7
-65 14
-64 13
-63 12
-62 10
-61 9
-60 14
-59 18
-58 13
-57 19
-56 25
-55 26
-54 27
-53 38
-52 37
-51 57
-50 60
-49 70
-48 60
-47 83
-46 105
-45 111
-44 133
-43 139
-42 146
-41 175
-40 199
-39 210
-38 230
-37 227
-36 228
-35 321
-34 297
-33 355
-32 378
-31 433
-30 402
-29 446
-28 477
-27 557
-26 585
-25 666
-24 648
-23 748
-22 887
-21 980
-20 1064
-19 1230
-18 1423
-17 1587
-16 1747
-15 2033
-14 2432
-13 2867
-12 3303
-11 3741
-10 4591
-9 5875
-8 7646
-7 10604
-6 16951
-5 28411
-4 57466
-3 104995
-2 221648
-1 350087
0 1477797
1 345125
2 214089
3 101256
4 55335
5 28470
6 17623
7 11742
8 8682
9 6783
10 5108
11 4120
12 3446
13 2928
14 2582
15 2157
16 1785
17 1560
18 1336
19 1247
20 1046
21 976
22 893
23 794
24 692
25 614
26 638
27 573
28 530
29 475
30 468
31 366
32 387
33 383
34 357
35 308
36 248
37 241
38 239
39 215
40 220
41 198
42 142
43 162
44 102
45 102
46 92
47 69
48 62
49 40
50 53
51 47
52 31
53 34
54 31
55 23
56 19
57 18
58 10
59 14
60 10
61 4
62 4
63 4
64 7
65 6
66 2
67 2
68 4
69 2
72 5
73 2
74 4
75 1
76 4
77 1
78 1
83 1
84 2
86 1
87 1
88 2
91 1
93 1
-114 1
-113 1
-111 1
-107 1
-106 1
-105 2
-104 3
-103 2
-102 1
-101 1
-99 1
-97 2
-96 5
-95 1
-94 6
-93 2
-92 6
-90 3
-89 2
-88 2
-87 4
-86 3
-85 6
-84 2
-83 3
-82 5
-81 7
-80 4
-79 7
-78 7
-77 5
-76 7
-75 5
-74 5
-73 8
-72 7
-71 14
-70 13
-69 8
-68 10
-67 3
-66 7
-65 14
-64 13
-63 12
-62 10
-61 9
-60 14
-59 18
-58 13
-57 19
-56 25
-55 26
-54 27
-53 38
-52 37
-51 57
-50 60
-49 70
-48 60
-47 83
-46 105
-45 111
-44 133
-43 139
-42 146
-41 175
-40 199
-39 210
-38 230
-37 227
-36 228
-35 321
-34 297
-33 355
-32 378
-31 433
-30 402
-29 446
-28 477
-27 557
-26 585
-25 666
-24 648
-23 748
-22 887
-21 980
-20 1064
-19 1230
-18 1423
-17 1587
-16 1747
-15 2033
-14 2432
-13 2867
-12 3303
-11 3741
-10 4591
-9 5875
-8 7646
-7 10604
-6 16951
-5 28411
-4 57466
-3 104995
-2 221648
-1 350087
0 1477797
1 345125
2 214089
3 101256
4 55335
5 28470
6 17623
7 11742
8 8682
9 6783
10 5108
11 4120
12 3446
13 2928
14 2582
15 2157
16 1785
17 1560
18 1336
19 1247
20 1046
21 976
22 893
23 794
24 692
25 614
26 638
27 573
28 530
29 475
30 468
31 366
32 387
33 383
34 357
35 308
36 248
37 241
38 239
39 215
40 220
41 198
42 142
43 162
44 102
45 102
46 92
47 69
48 62
49 40
50 53
51 47
52 31
53 34
54 31
55 23
56 19
57 18
58 10
59 14
60 10
61 4
62 4
63 4
64 7
65 6
66 2
67 2
68 4
69 2
72 5
73 2
74 4
75 1
76 4
77 1
78 1
83 1
84 2
86 1
87 1
88 2
91 1
93 1
-114 1
-113 1
-111 1
-107 1
-106 1
-105 2
-104 3
-103 2
-102 1
-101 1
-99 1
-97 2
-96 5
-95 1
-94 6
-93 2
-92 6
-90 3
-89 2
-88 2
-87 4
-86 3
-85 6
-84 2
-83 3
-82 5
-81 7
-80 4
-79 7
-78 7
-77 5
-76 7
-75 5
-74 5
-73 8
-72 7
-71 14
-70 13
-69 8
-68 10
-67 3
-66 7
-65 14
-64 13
-63 12
-62 10
-61 9
-60 14
-59 18
-58 13
-57 19
-56 25
-55 26
-54 27
-53 38
-52 37
-51 57
-50 60
-49 70
-48 60
-47 83
-46 105
-45 111
-44 133
-43 139
-42 146
-41 175
-40 199
-39 210
-38 230
-37 227
-36 228
-35 321
-34 297
-33 355
-32 378
-31 433
-30 402
-29 446
-28 477
-27 557
-26 585
-25 666
-24 648
-23 748
-22 887
-21 980
-20 1064
-19 1230
-18 1423
-17 1587
-16 1747
-15 2033
-14 2432
-13 2867
-12 3303
-11 3741
-10 4591
-9 5875
-8 7646
-7 10604
-6 16951
-5 28411
-4 57466
-3 104995
-2 221648
-1 350087
0 1477797
1 345125
2 214089
3 101256
4 55335
5 28470
6 17623
7 11742
8 8682
9 6783
10 5108
11 4120
12 3446
13 2928
14 2582
15 2157
16 1785
17 1560
18 1336
19 1247
20 1046
21 976
22 893
23 794
24 692
25 614
26 638
27 573
28 530
29 475
30 468
31 366
32 387
33 383
34 357
35 308
36 248
37 241
38 239
39 215
40 220
41 198
42 142
43 162
44 102
45 102
46 92
47 69
48 62
49 40
50 53
51 47
52 31
53 34
54 31
55 23
56 19
57 18
58 10
59 14
60 10
61 4
62 4
63 4
64 7
65 6
66 2
67 2
68 4
69 2
72 5
73 2
74 4
75 1
76 4
77 1
78 1
83 1
84 2
86 1
87 1
88 2
91 1
93 1
-114 1
-113 1
-111 1
-107 1
-106 1
-105 2
-104 3
-103 2
-102 1
-101 1
-99 1
-97 2
-96 5
-95 1
-94 6
-93 2
-92 6
-90 3
-89 2
-88 2
-87 4
-86 3
-85 6
-84 2
-83 3
-82 5
-81 7
-80 4
-79 7
-78 7
-77 5
-76 7
-75 5
-74 5
-73 8
-72 7
-71 14
-70 13
-69 8
-68 10
-67 3
-66 7
-65 14
-64 13
-63 12
-62 10
-61 9
-60 14
-59 18
-58 13
-57 19
-56 25
-55 26
-54 27
-53 38
-52 37
-51 57
-50 60
-49 70
-48 60
-47 83
-46 105
-45 111
-44 133
-43 139
-42 146
-41 175
-40 199
-39 210
-38 230
-37 227
-36 228
-35 321
-34 297
-33 355
-32 378
-31 433
-30 402
-29 446
-28 477
-27 557
-26 585
-25 666
-24 648
-23 748
-22 887
-21 980
-20 1064
-19 1230
-18 1423
-17 1587
-16 1747
-15 2033
-14 2432
-13 2867
-12 3303
-11 3741
-10 4591
-9 5875
-8 7646
-7 10604
-6 16951
-5 28411
-4 57466
-3 104995
-2 221648
-1 350087
0 1477797
1 345125
2 214089
3 101256
4 55335
5 28470
6 17623
7 11742
8 8682
9 6783
10 5108
11 4120
12 3446
13 2928
14 2582
15 2157
16 1785
17 1560
18 1336
19 1247
20 1046
21 976
22 893
23 794
24 692
25 614
26 638
27 573
28 530
29 475
30 468
31 366
32 387
33 383
34 357
35 308
36 248
37 241
38 239
39 215
40 220
41 198
42 142
43 162
44 102
45 102
46 92
47 69
48 62
49 40
50 53
51 47
52 31
53 34
54 31
55 23
56 19
57 18
58 10
59 14
60 10
61 4
62 4
63 4
64 7
65 6
66 2
67 2
68 4
69 2
72 5
73 2
74 4
75 1
76 4
77 1
78 1
83 1
84 2
86 1
87 1
88 2
91 1
93 1
-114 1
-113 1
-111 1
-107 1
-106 1
-105 2
-104 3
-103 2
-102 1
-101 1
-99 1
-97 2
-96 5
-95 1
-94 6
-93 2
-92 6
-90 3
-89 2
-88 2
-87 4
-86 3
-85 6
-84 2
-83 3
-82 5
-81 7
-80 4
-79 7
-78 7
-77 5
-76 7
-75 5
-74 5
-73 8
-72 7
-71 14
-70 13
-69 8
-68 10
-67 3
-66 7
-65 14
-64 13
-63 12
-62 10
-61 9
-60 14
-59 18
-58 13
-57 19
-56 25
-55 26
-54 27
-53 38
-52 37
-51 57
-50 60
-49 70
-48 60
-47 83
-46 105
-45 111
-44 133
-43 139
-42 146
-41 175
-40 199
-39 210
-38 230
-37 227
-36 228
-35 321
-34 297
-33 355
-32 378
-31 433
-30 402
-29 446
-28 477
-27 557
-26 585
-25 666
-24 648
-23 748
-22 887
-21 980
-20 1064
-19 1230
-18 1423
-17 1587
-16 1747
-15 2033
-14 2432
-13 2867
-12 3303
-11 3741
-10 4591
-9 5875
-8 7646
-7 10604
-6 16951
-5 28411
-4 57466
-3 104995
-2 221648
-1 350087
0 1477797
1 345125
2 214089
3 101256
4 55335
5 28470
6 17623
7 11742
8 8682
9 6783
10 5108
11 4120
12 3446
13 2928
14 2582
15 2157
16 1785
17 1560
18 1336
19 1247
20 1046
21 976
22 893
23 794
24 692
25 614
26 638
27 573
28 530
29 475
30 468
31 366
32 387
33 383
34 357
35 308
36 248
37 241
38 239
39 215
40 220
41 198
42 142
43 162
44 102
45 102
46 92
47 69
48 62
49 40
50 53
51 47
52 31
53 34
54 31
55 23
56 19
57 18
58 10
59 14
60 10
61 4
62 4
63 4
64 7
65 6
66 2
67 2
68 4
69 2
72 5
73 2
74 4
75 1
76 4
77 1
78 1
83 1
84 2
86 1
87 1
88 2
91 1
93 1
-114 1
-113 1
-111 1
-107 1
-106 1
-105 2
-104 3
-103 2
-102 1
-101 1
-99 1
-97 2
-96 5
-95 1
-94 6
-93 2
-92 6
-90 3
-89 2
-88 2
-87 4
-86 3
-85 6
-84 2
-83 3
-82 5
-81 7
-80 4
-79 7
-78 7
-77 5
-76 7
-75 5
-74 5
-73 8
-72 7
-71 14
-70 13
-69 8
-68 10
-67 3
-66 7
-65 14
-64 13
-63 12
-62 10
-61 9
-60 14
-59 18
-58 13
-57 19
-56 25
-55 26
-54 27
-53 38
-52 37
-51 57
-50 60
-49 70
-48 60
-47 83
-46 105
-45 111
-44 133
-43 139
-42 146
-41 175
-40 199
-39 210
-38 230
-37 227
-36 228
-35 321
-34 297
-33 355
-32 378
-31 433
-30 402
-29 446
-28 477
-27 557
-26 585
-25 666
-24 648
-23 748
-22 887
-21 980
-20 1064
-19 1230
-18 1423
-17 1587
-16 1747
-15 2033
-14 2432
-13 2867
-12 3303
-11 3741
-10 4591
-9 5875
-8 7646
-7 10604
-6 16951
-5 28411
-4 57466
-3 104995
-2 221648
-1 350087
0 1477797
1 345125
2 214089
3 101256
4 55335
5 28470
6 17623
7 11742
8 8682
9 6783
10 5108
11 4120
12 3446
13 2928
14 2582
15 2157
16 1785
17 1560
18 1336
19 1247
20 1046
21 976
22 893
23 794
24 692
25 614
26 638
27 573
28 530
29 475
30 468
31 366
32 387
33 383
34 357
35 308
36 248
37 241
38 239
39 215
40 220
41 198
42 142
43 162
44 102
45 102
46 92
47 69
48 62
49 40
50 53
51 47
52 31
53 34
54 31
55 23
56 19
57 18
58 10
59 14
60 10
61 4
62 4
63 4
64 7
65 6
66 2
67 2
68 4
69 2
72 5
73 2
74 4
75 1
76 4
77 1
78 1
83 1
84 2
86 1
87 1
88 2
91 1
93 1
-114 1
-113 1
-111 1
-107 1
-106 1
-105 2
-104 3
-103 2
-102 1
-101 1
-99 1
-97 2
-96 5
-95 1
-94 6
-93 2
-92 6
-90 3
-89 2
-88 2
-87 4
-86 3
-85 6
-84 2
-83 3
-82 5
-81 7
-80 4
-79 7
-78 7
-77 5
-76 7
-75 5
-74 5
-73 8
-72 7
-71 14
-70 13
-69 8
-68 10
-67 3
-66 7
-65 14
-64 13
-63 12
-62 10
-61 9
-60 14
-59 18
-58 13
-57 19
-56 25
-55 26
-54 27
-53 38
-52 37
-51 57
-50 60
-49 70
-48 60
-47 83
-46 105
-45 111
-44 133
-43 139
-42 146
-41 175
-40 199
-39 210
-38 230
-37 227
-36 228
-35 321
-34 297
-33 355
-32 378
-31 433
-30 402
-29 446
-28 477
-27 557
-26 585
-25 666
-24 648
-23 748
-22 887
-21 980
-20 1064
-19 1230
-18 1423
-17 1587
-16 1747
-15 2033
-14 2432
-13 2867
-12 3303
-11 3741
-10 4591
-9 5875
-8 7646
-7 10604
-6 16951
-5 28411
-4 57466
-3 104995
-2 221648
-1 350087
0 1477797
1 345125
2 214089
3 101256
4 55335
5 28470
6 17623
7 11742
8 8682
9 6783
10 5108
11 4120
12 3446
13 2928
14 2582
15 2157
16 1785
17 1560
18 1336
19 1247
20 1046
21 976
22 893
23 794
24 692
25 614
26 638
27 573
28 530
29 475
30 468
31 366
32 387
33 383
34 357
35 308
36 248
37 241
38 239
39 215
40 220
41 198
42 142
43 162
44 102
45 102
46 92
47 69
48 62
49 40
50 53
51 47
52 31
53 34
54 31
55 23
56 19
57 18
58 10
59 14
60 10
61 4
62 4
63 4
64 7
65 6
66 2
67 2
68 4
69 2
72 5
73 2
74 4
75 1
76 4
77 1
78 1
83 1
84 2
86 1
87 1
88 2
91 1
93 1
-114 1
-113 1
-111 1
-107 1
-106 1
-105 2
-104 3
-103 2
-102 1
-101 1
-99 1
-97 2
-96 5
-95 1
-94 6
-93 2
-92 6
-90 3
-89 2
-88 2
-87 4
-86 3
-85 6
-84 2
-83 3
-82 5
-81 7
-80 4
-79 7
-78 7
-77 5
-76 7
-75 5
-74 5
-73 8
-72 7
-71 14
-70 13
-69 8
-68 10
-67 3
-66 7
-65 14
-64 13
-63 12
-62 10
-61 9
-60 14
-59 18
-58 13
-57 19
-56 25
-55 26
-54 27
-53 38
-52 37
-51 57
-50 60
-49 70
-48 60
-47 83
-46 105
-45 111
-44 133
-43 139
-42 146
-41 175
-40 199
-39 210
-38 230
-37 227
-36 228
-35 321
-34 297
-33 355
-32 378
-31 433
-30 402
-29 446
-28 477
-27 557
-26 585
-25 666
-24 648
-23 748
-22 887
-21 980
-20 1064
-19 1230
-18 1423
-17 1587
-16 1747
-15 2033
-14 2432
-13 2867
-12 3303
-11 3741
-10 4591
-9 5875
-8 7646
-7 10604
-6 16951
-5 28411
-4 57466
-3 104995
-2 221648
-1 350087
0 1477797
1 345125
2 214089
3 101256
4 55335
5 28470
6 17623
7 11742
8 8682
9 6783
10 5108
11 4120
12 3446
13 2928
14 2582
15 2157
16 1785
17 1560
18 1336
19 1247
20 1046
21 976
22 893
23 794
24 692
25 614
26 638
27 573
28 530
29 475
30 468
31 366
32 387
33 383
34 357
35 308
36 248
37 241
38 239
39 215
40 220
41 198
42 142
43 162
44 102
45 102
46 92
47 69
48 62
49 40
50 53
51 47
52 31
53 34
54 31
55 23
56 19
57 18
58 10
59 14
60 10
61 4
62 4
63 4
64 7
65 6
66 2
67 2
68 4
69 2
72 5
73 2
74 4
75 1
76 4
77 1
78 1
83 1
84 2
86 1
87 1
88 2
91 1
93 1
-114 1
-113 1
-111 1
-107 1
-106 1
-105 2
-104 3
-103 2
-102 1
-101 1
-99 1
-97 2
-96 5
-95 1
-94 6
-93 2
-92 6
-90 3
-89 2
-88 2
-87 4
-86 3
-85 6
-84 2
-83 3
-82 5
-81 7
-80 4
-79 7
-78 7
-77 5
-76 7
-75 5
-74 5
-73 8
-72 7
-71 14
-70 13
-69 8
-68 10
-67 3
-66 7
-65 14
-64 13
-63 12
-62 10
-61 9
-60 14
-59 18
-58 13
-57 19
-56 25
-55 26
-54 27
-53 38
-52 37
-51 57
-50 60
-49 70
-48 60
-47 83
-46 105
-45 111
-44 133
-43 139
-42 146
-41 175
-40 199
-39 210
-38 230
-37 227
-36 228
-35 321
-34 297
-33 355
-32 378
-31 433
-30 402
-29 446
-28 477
-27 557
-26 585
-25 666
-24 648
-23 748
-22 887
-21 980
-20 1064
-19 1230
-18 1423
-17 1587
-16 1747
-15 2033
-14 2432
-13 2867
-12 3303
-11 3741
-10 4591
-9 5875
-8 7646
-7 10604
-6 16951
-5 28411
-4 57466
-3 104995
-2 221648
-1 350087
0 1477797
1 345125
2 214089
3 101256
4 55335
5 28470
6 17623
7 11742
8 8682
9 6783
10 5108
11 4120
12 3446
13 2928
14 2582
15 2157
16 1785
17 1560
18 1336
19 1247
20 1046
21 976
22 893
23 794
24 692
25 614
26 638
27 573
28 530
29 475
30 468
31 366
32 387
33 383
34 357
35 308
36 248
37 241
38 239
39 215
40 220
41 198
42 142
43 162
44 102
45 102
46 92
47 69
48 62
49 40
50 53
51 47
52 31
53 34
54 31
55 23
56 19
57 18
58 10
59 14
60 10
61 4
62 4
63 4
64 7
65 6
66 2
67 2
68 4
69 2
72 5
73 2
74 4
75 1
76 4
77 1
78 1
83 1
84 2
86 1
87 1
88 2
91 1
93 1
-114 1
-113 1
-111 1
-107 1
-106 1
-105 2
-104 3
-103 2
-102 1
-101 1
-99 1
-97 2
-96 5
-95 1
-94 6
-93 2
-92 6
-90 3
-89 2
-88 2
-87 4
-86 3
-85 6
-84 2
-83 3
-82 5
-81 7
-80 4
-79 7
-78 7
-77 5
-76 7
-75 5
-74 5
-73 8
-72 7
-71 14
-70 13
-69 8
-68 10
-67 3
-66 7
-65 14
-64 13
-63 12
-62 10
-61 9
-60 14
-59 18
-58 13
-57 19
-56 25
-55 26
-54 27
-53 38
-52 37
-51 57
-50 60
-49 70
-48 60
-47 83
-46 105
-45 111
-44 133
-43 139
-42 146
-41 175
-40 199
-39 210
-38 230
-37 227
-36 228
-35 321
-34 297
-33 355
-32 378
-31 433
-30 402
-29 446
-28 477
-27 557
-26 585
-25 666
-24 648
-23 748
-22 887
-21 980
-20 1064
-19 1230
-18 1423
-17 1587
-16 1747
-15 2033
-14 2432
-13 2867
-12 3303
-11 3741
-10 4591
-9 5875
-8 7646
-7 10604
-6 16951
-5 28411
-4 57466
-3 104995
-2 221648
-1 350087
0 1477797
1 345125
2 214089
3 101256
4 55335
5 28470
6 17623
7 11742
8 8682
9 6783
10 5108
11 4120
12 3446
13 2928
14 2582
15 2157
16 1785
17 1560
18 1336
19 1247
20 1046
21 976
22 893
23 794
24 692
25 614
26 638
27 573
28 530
29 475
30 468
31 366
32 387
33 383
34 357
35 308
36 248
37 241
38 239
39 215
40 220
41 198
42 142
43 162
44 102
45 102
46 92
47 69
48 62
49 40
50 53
51 47
52 31
53 34
54 31
55 23
56 19
57 18
58 10
59 14
60 10
61 4
62 4
63 4
64 7
65 6
66 2
67 2
68 4
69 2
72 5
73 2
74 4
75 1
76 4
77 1
78 1
83 1
84 2
86 1
87 1
88 2
91 1
93 1
-114 1
-113 1
-111 1
-107 1
-106 1
-105 2
-104 3
-103 2
-102 1
-101 1
-99 1
-97 2
-96 5
-95 1
-94 6
-93 2
-92 6
-90 3
-89 2
-88 2
-87 4
-86 3
-85 6
-84 2
-83 3
-82 5
-81 7
-80 4
-79 7
-78 7
-77 5
-76 7
-75 5
-74 5
-73 8
-72 7
-71 14
-70 13
-69 8
-68 10
-67 3
-66 7
-65 14
-64 13
-63 12
-62 10
-61 9
-60 14
-59 18
-58 13
-57 19
-56 25
-55 26
-54 27
-53 38
-52 37
-51 57
-50 60
-49 70
-48 60
-47 83
-46 105
-45 111
-44 133
-43 139
-42 146
-41 175
-40 199
-39 210
-38 230
-37 227
-36 228
-35 321
-34 297
-33 355
-32 378
-31 433
-30 402
-29 446
-28 477
-27 557
-26 585
-25 666
-24 648
-23 748
-22 887
-21 980
-20 1064
-19 1230
-18 1423
-17 1587
-16 1747
-15 2033
-14 2432
-13 2867
-12 3303
-11 3741
-10 4591
-9 5875
-8 7646
-7 10604
-6 16951
-5 28411
-4 57466
-3 104995
-2 221648
-1 350087
0 1477797
1 345125
2 214089
3 101256
4 55335
5 28470
6 17623
7 11742
8 8682
9 6783
10 5108
11 4120
12 3446
13 2928
14 2582
15 2157
16 1785
17 1560
18 1336
19 1247
20 1046
21 976
22 893
23 794
24 692
25 614
26 638
27 573
28 530
29 475
30 468
31 366
32 387
33 383
34 357
35 308
36 248
37 241
38 239
39 215
40 220
41 198
42 142
43 162
44 102
45 102
46 92
47 69
48 62
49 40
50 53
51 47
52 31
53 34
54 31
55 23
56 19
57 18
58 10
59 14
60 10
61 4
62 4
63 4
64 7
65 6
66 2
67 2
68 4
69 2
72 5
73 2
74 4
75 1
76 4
77 1
78 1
83 1
84 2
86 1
87 1
88 2
91 1
93 1
